29
Cláudia 28 00 01 02 03 04 05 08 09 10 11 12 13 14 15 16 17 18 19 20 21 22 23 24 25 26 27 28 29
Edson 26 00 01 02 03 04 05 06 07 08 09 10 11 14 15 18 19 20 21 22 23 24 25 26 27 28 29
Priscila 0
Jacson 0
Guilherme 0
Neri 24 00 01 02 03 04 05 06 07 08 09 10 11 14 15 18 19 22 23 24 25 26 27 28 29
Raquel 0
Doglas 0
Éverton 28 00 01 04 05 06 07 08 09 10 11 12 13 14 15 16 17 18 19 20 21 22 23 24 25 26 27 28 29
Graziela 0
Valeska 28 02 03 04 05 06 07 08 09 10 11 12 13 14 15 16 17 18 19 20 21 22 23 24 25 26 27 28 29
Marco 0
Bráulio 0
Emílio 0
Andressa 0
Padilha 0
Bins 0
Rogério 28 00 01 02 03 04 05 08 09 10 11 12 13 14 15 16 17 18 19 20 21 22 23 24 25 26 27 28 29
Ricardo 0
Mary 28 00 01 02 03 04 05 06 07 08 09 10 11 12 13 14 15 16 17 18 19 20 21 22 23 26 27 28 29
Gláucio 28 00 01 02 03 04 05 06 07 08 09 10 11 12 13 14 15 16 17 18 19 20 21 22 23 24 25 28 29
Bordin 28 00 01 02 03 04 05 06 07 08 09 10 11 12 13 14 15 16 17 18 19 20 21 24 25 26 27 28 29
Lúcia 28 00 01 02 03 04 05 06 07 08 09 10 11 12 13 14 15 16 17 18 19 22 23 24 25 26 27 28 29
Vitor 28 00 01 02 03 04 05 06 07 08 09 10 11 12 13 14 15 16 17 18 19 20 21 24 25 26 27 28 29
Bruno 28 00 01 02 03 04 05 06 07 08 09 10 11 12 13 14 15 16 17 18 19 22 23 24 25 26 27 28 29
Mateus 28 00 01 02 03 04 05 06 07 08 09 10 11 12 13 14 15 16 17 18 19 20 21 22 23 24 25 28 29
Angelo 28 00 01 02 03 04 05 06 07 08 09 10 11 12 13 14 15 16 17 18 19 20 21 22 23 24 25 26 27
Pavan 0
Camila 28 00 01 02 03 04 05 06 07 08 09 10 11 12 13 14 15 16 17 18 19 20 21 22 23 26 27 28 29
13
M1 308 10 00 01 02 03 04 05 06 07 08 09
V1 308 10 10 11 12 13 14 15 16 17 18 19
M3 309 10 00 01 02 03 04 05 06 07 08 09
V3 309 10 10 11 12 13 14 15 16 17 18 19
M5 310 10 00 01 02 03 04 05 06 07 08 09
V5 310 10 10 11 12 13 14 15 16 17 18 19
M7 401 10 00 01 02 03 04 05 06 07 08 09
V7 401 10 10 11 12 13 14 15 16 17 18 19
N2 305 10 20 21 22 23 24 25 26 27 28 29
N4 308 10 20 21 22 23 24 25 26 27 28 29
N6 309 10 20 21 22 23 24 25 26 27 28 29
N8 310 10 20 21 22 23 24 25 26 27 28 29
N10 401 10 20 21 22 23 24 25 26 27 28 29
47
LPTI 2 M1 Cláudia
MI 2 V1 Edson
CD 2 V1 Padilha
ALG 2 V1 Guilherme
GA 2 V1 Neri
INF 2 V1 Raquel
EDII 2 M3 Doglas
CALCII 2 V3 Edson
ORG 2 M3 Jacson
PROGI 2 M3 Priscila
DISCR 2 V3 Neri
PROB 2 M3 Éverton
ESI 2 M5 Raquel
BDII 2 M5 Guilherme
IPC 2 V5 Graziela
DIR 2 M5 Valeska
SO 2 M5 Marco
LFA 2 M5 Bráulio
TCCI 2 V7 Marco
DISTR 2 M7 Emílio
OPTI 2 M7 Andressa
OPTII 2 M7 Padilha
IA 2 M7 Bins
FCS 2 M7 Rogério
LPTII 2 N2 Mary
EDI 2 N2 Doglas
SD 2 N2 Emílio
ESTAT 2 N2 Gláucio
GA 2 N2 Neri
BDI 2 N4 Ricardo
CALCII 2 N4 Lúcia
PROB 2 N4 Bordin
PROGII 2 N4 Priscila
ORG 2 N4 Padilha
CALCN 2 N6 Vitor
DIR 2 N6 Bruno
LFA 2 N6 Bráulio
HFS 2 N6 Mateus
ESII 2 N6 Graziela
OPTV 2 N8 Pavan
PGES 2 N8 Raquel
MES 2 N8 Angelo
RED 2 N8 Pavan
IPS 2 N8 Camila
OPTIII 2 N10 Bins
OPTIV 2 N10 Guilherme
TCCII 2 N10 Marco
